# 2차원 배열 활용

```python
lst = [[1,2,3],[4,5,6],[7,8,9]]
```

In [12]:

```python
# 전치
# zip으로 엮으면 튜플이 되니깐, map으로 리스트로 만들어준다.
lst = list(map(list, zip(*lst)))
```

In [14]:

```python
print(*lst)
[1, 4, 7] [2, 5, 8] [3, 6, 9]
```

In [18]:

```python
# 점대칭
lst = [[1,2,3],[4,5,6],[7,8,9]]
lst = list(map(list, zip(*lst[::-1])))[::-1]
print(*lst)
[9, 6, 3] [8, 5, 2] [7, 4, 1]
```

In [19]:

```python
# 오른쪽 90도
lst = [[1,2,3],[4,5,6],[7,8,9]]
lst = list(map(list, zip(*lst[::-1])))
print(*lst)
[7, 4, 1] [8, 5, 2] [9, 6, 3]
```

In [21]:

```python
# 왼쪽 90도
lst = [[1,2,3],[4,5,6],[7,8,9], [10, 11, 12]]
lst = list(map(list, zip(*lst)))[::-1]
print(*lst)
```



번외

```python
# 문자열 unpack
a = 'apple'
li = []
print(list(map(list, *a.split())))
```

